num_shots = 3
sweep_type = "mot_imaging"

[beam_powers]
start = 2.17
stop = 2.17
num_points = 1

[beam_frequencies]
start = 6.211045430761255
stop = 6.211045430761255
num_points = 1

[pulse_lengths]
start = 500
stop = 500
step = 0

[pulse_times]
start = 15500
stop = 18000
step = 500